143 28 
10 41 
54 93 
145 148 
57 11 
275 142 
164 279 
108 293 
236 175 
118 101 
194 239 
200 5 
245 86 
219 248 
186 297 
139 58 
146 56 
242 208 
67 13 
69 23 
199 156 
206 81 
217 34 
193 198 
78 278 
30 287 
131 27 
292 226 
90 170 
165 33 
264 268 
232 22 
187 271 
256 134 
76 207 
299 257 
276 106 
160 225 
295 80 
82 133 
262 289 
24 79 
258 286 
183 117 
43 213 
35 267 
158 250 
227 261 
296 209 
212 185 
50 218 
255 188 
112 47 
189 259 
203 263 
89 132 
140 18 
270 31 
45 231 
7 128 
136 32 
15 70 
129 97 
269 235 
180 68 
210 254 
163 166 
62 147 
241 197 
116 161 
285 107 
75 2 
84 4 
280 157 
150 122 
172 171 
240 53 
223 3 
201 19 
294 176 
277 181 
291 234 
179 49 
42 153 
99 36 
88 87 
253 205 
215 26 
105 298 
168 103 
21 119 
98 144 
111 272 
115 184 
162 44 
29 202 
25 130 
127 17 
95 126 
246 152 
