75192 179414 
107629 176778 
237051 231722 
159348 75657 
125838 299787 
172333 46409 
63571 164735 
244342 17597 
92897 224103 
24048 177265 
166966 31968 
79031 226044 
221747 177250 
45825 50529 
251763 81592 
241105 84947 
284674 63593 
174303 32308 
144964 79029 
246633 80621 
145253 30220 
199275 130630 
175074 200530 
63664 28378 
57258 83218 
77069 70045 
155804 76451 
242516 246260 
219993 268151 
267245 56952 
99801 166546 
295767 159647 
219656 244056 
228465 133858 
219317 122573 
87858 40098 
139417 16604 
259279 205170 
42654 238324 
41240 230293 
232990 226799 
213864 200027 
42089 291501 
279846 46507 
201227 36212 
290960 21461 
919 28433 
45101 298663 
999 109904 
199628 194697 
22613 35039 
284511 36824 
90263 296830 
122801 278397 
266609 31737 
126986 244449 
190108 7751 
232221 48486 
63328 245637 
275541 161326 
56450 89506 
111165 76438 
218868 58464 
161440 26455 
263950 180565 
8455 149209 
58772 282755 
167132 27520 
133136 43821 
160341 241897 
192667 159504 
147204 208683 
40015 174929 
285304 197413 
96448 102077 
165026 84515 
184426 62304 
39506 58399 
167260 128020 
176524 253603 
15875 191651 
244790 289522 
169319 23353 
157642 261082 
237254 269042 
193718 67708 
219307 214651 
74667 106027 
162169 103870 
54650 106337 
47110 156124 
283521 81356 
134688 272267 
73090 149407 
209897 22841 
209193 9705 
204850 4331 
161062 269542 
249016 180138 
19448 216652 
26232 68226 
136762 54281 
38067 91762 
63484 142970 
268346 84976 
93427 103651 
111005 110644 
178624 248316 
130666 218913 
17380 280555 
274668 135798 
231684 184505 
280263 243298 
194016 245833 
118408 123541 
40066 14562 
83890 133707 
137943 203664 
97350 198303 
230351 20627 
49809 47210 
172523 32264 
187982 277685 
241537 215819 
294864 68396 
107934 199657 
24914 4818 
47707 234821 
100374 298048 
227835 262017 
111576 50388 
250841 271051 
2582 259080 
43516 246123 
112577 181280 
152363 236762 
44018 104981 
85746 17131 
176402 278761 
277066 277249 
202923 97095 
50200 116822 
294625 160470 
87364 253464 
291608 165822 
51549 282941 
116911 130282 
216538 249048 
255215 215608 
82087 12954 
47101 177833 
272223 10835 
245972 15049 
202864 274303 
140004 140700 
246502 286972 
121176 131880 
149405 147722 
98685 44523 
41903 274144 
130992 52436 
250454 201041 
32076 116635 
270184 17535 
55890 220377 
134466 104527 
90147 155811 
61810 108379 
18638 193436 
270778 69475 
120266 255990 
76629 247667 
140551 224701 
272423 136769 
110616 180711 
17261 78677 
220867 119077 
148069 227063 
286361 172899 
50373 182786 
85272 180288 
162858 284230 
64490 222117 
203672 236062 
44270 242862 
280580 108407 
40371 13225 
6598 84303 
74703 170186 
26685 94343 
59610 107056 
180062 86331 
240800 189380 
138812 182150 
61734 180614 
89292 105886 
270467 49315 
233289 143846 
173725 117575 
54723 177335 
9054 90097 
91718 26469 
217632 17068 
39491 221439 
259557 135892 
108171 258511 
269202 47989 
127571 12486 
60870 164701 
254786 96883 
45493 133217 
86819 278032 
43844 44168 
164014 141136 
75151 286731 
162735 21633 
256195 208629 
18257 180747 
296124 15134 
114993 176946 
252420 65488 
75369 193984 
277774 276244 
266172 164853 
268530 27649 
20220 105375 
124836 170240 
280120 122041 
19248 254384 
14276 51458 
10938 150226 
291780 200013 
230666 10304 
37738 295987 
158953 45377 
127699 183460 
209297 85883 
283824 6344 
163462 160303 
208606 284093 
60869 295546 
152491 147100 
12477 207452 
127517 166882 
22021 239833 
206097 248957 
162232 73318 
258798 52642 
94083 173415 
239740 200188 
172305 67176 
227508 55031 
36499 134414 
147478 289192 
77071 239262 
233567 269663 
120358 191906 
257791 122481 
168796 213980 
207338 169877 
115615 109672 
246186 270584 
20418 107540 
135311 153147 
223388 144129 
4843 5360 
7175 103920 
8375 34056 
114787 71841 
179990 136348 
27137 213641 
121649 103868 
54233 136664 
278834 150989 
125992 91704 
182069 176644 
81295 115282 
177271 299169 
189374 270482 
279972 119772 
63868 238290 
130937 167135 
208245 299875 
197314 297860 
277681 61873 
190806 200596 
79216 99168 
222653 170556 
37599 130570 
44663 6756 
61332 70970 
268721 92388 
116864 85931 
287829 46991 
84122 8571 
209615 103883 
114607 275529 
62404 265079 
12105 145091 
204757 28347 
263385 271513 
261903 297557 
272856 158856 
28272 218247 
161030 13578 
208528 294655 
254911 267275 
87114 4131 
146705 91605 
165396 71934 
254034 265809 
281599 183883 
287542 154008 
143089 260332 
59338 31131 
205880 215235 
209958 128014 
150256 96367 
153048 202730 
32693 208010 
290490 126423 
155594 148343 
149272 24742 
208315 48806 
160777 232443 
69642 231827 
253335 118449 
105510 293950 
214167 236057 
206866 32817 
136078 152607 
266479 83477 
293134 156106 
114702 250364 
118931 125485 
267608 220119 
297089 248552 
117753 160555 
90344 244500 
257309 108191 
237100 14484 
140093 3626 
183262 120367 
63280 125981 
180767 233315 
107011 215724 
62566 135270 
57754 277373 
96700 64831 
149976 105552 
126395 138207 
25505 290947 
163089 179805 
171858 1493 
249271 32271 
220995 34046 
86847 90375 
64151 229553 
67883 16554 
208655 176771 
47303 122630 
110910 238054 
2607 258049 
168706 292669 
131543 85755 
220605 54840 
276753 143319 
209946 110846 
256442 252719 
59312 77902 
155151 92059 
271390 193376 
88298 96164 
192027 149807 
225288 267408 
41669 1923 
244038 106011 
176155 113371 
16732 98834 
219839 220298 
242307 121091 
11029 232978 
186057 291883 
105023 89967 
69452 279567 
182934 9709 
54736 105740 
43219 244335 
53721 296934 
161350 263843 
284183 3581 
116113 26756 
217206 33698 
275968 81142 
196603 54669 
184456 227314 
116111 205554 
47486 154302 
277518 120286 
275955 129249 
111002 140993 
112435 205664 
194377 194378 
236583 133244 
64939 247348 
258953 101548 
243900 228877 
204669 178052 
97632 130169 
290061 215913 
156343 128613 
180716 35570 
51689 193923 
144559 173331 
161995 638 
194444 69101 
59520 102666 
36120 275101 
9699 177473 
296421 66287 
216911 270827 
51881 162269 
207466 102311 
131442 254000 
40323 256853 
137446 30295 
53178 136594 
13117 3421 
256922 256144 
297180 97953 
104553 117455 
186380 106673 
255098 119711 
66596 221373 
275229 106037 
81114 168363 
130271 171303 
150614 43159 
71283 229023 
128651 77699 
28651 66499 
66505 136694 
150786 70717 
143572 42595 
293822 72997 
206969 270534 
254359 248270 
243308 41700 
129205 167645 
242145 8123 
7459 288152 
87560 181524 
102322 128271 
128413 2009 
54631 230325 
136874 295586 
57580 247896 
162534 296875 
278274 191190 
129991 91196 
167653 60998 
40840 208729 
183762 199985 
100886 29797 
168256 190065 
154193 270100 
118114 110052 
161604 257291 
280802 48769 
274685 13452 
204260 92717 
108827 295424 
133510 33234 
41716 130292 
118015 247528 
292575 1383 
54599 9658 
143151 77438 
159709 289196 
42493 191262 
195133 215914 
226366 167285 
102713 277205 
227169 126858 
256182 214084 
214530 13586 
92726 106432 
199353 163745 
40280 115881 
199366 46599 
207206 157604 
211716 208604 
250247 298024 
119610 184295 
176211 269517 
173473 102222 
267280 297443 
156620 72927 
238326 65135 
134092 211594 
122397 264100 
118927 46798 
48020 248615 
227969 149853 
100178 126729 
150150 161749 
227538 147717 
89878 171264 
59342 35839 
122278 251275 
73633 12645 
260044 145988 
182426 288844 
131842 9341 
57643 273533 
139598 271035 
31331 34080 
293842 283297 
122413 110569 
166974 150806 
122010 250864 
34138 238839 
228179 246476 
101910 70998 
59735 294821 
127999 71448 
261815 89182 
36525 78899 
290986 17363 
196261 51820 
296808 22243 
291599 54846 
278403 66580 
108302 115980 
36769 246062 
155747 2444 
93612 291783 
173068 62670 
50813 104468 
291438 109853 
268357 37521 
285027 72777 
200591 94810 
69127 25341 
22825 61563 
132114 71980 
213370 66871 
96780 235142 
28732 100685 
264992 277828 
123295 123809 
4954 283252 
154944 109406 
254259 21425 
114516 83838 
64305 176262 
110670 29493 
84384 250032 
283637 69716 
263971 257057 
110798 107835 
103414 158525 
197622 182741 
4845 290804 
13115 279898 
263805 155217 
160883 93751 
69979 249083 
32902 134504 
26841 139957 
190920 250912 
193627 172950 
28100 241875 
277189 88953 
264243 74662 
50168 37763 
78483 182448 
253463 268021 
195582 10972 
29593 295672 
230844 252038 
166679 29584 
41908 92989 
194629 255514 
244699 135197 
137451 233581 
289381 245865 
297913 187966 
252810 125025 
173167 23909 
133612 235962 
247484 220226 
268918 233425 
275218 121240 
35603 85822 
103257 213420 
134163 166222 
226498 21818 
168045 193115 
297917 2511 
59553 255395 
128379 294576 
159395 215 
99347 151831 
191134 20559 
273022 209572 
202108 133261 
4295 69915 
78634 24511 
283288 133600 
74871 239142 
287699 40551 
162457 229633 
268192 216242 
116060 1350 
241692 245842 
1529 252955 
187429 117007 
203145 34304 
45760 137928 
225544 161721 
55969 180815 
283832 230929 
186419 260170 
224034 191118 
280819 17582 
208713 265137 
294703 148770 
220847 70673 
78132 147445 
268044 130545 
87155 216603 
211316 299335 
19664 88968 
39291 123282 
112239 221556 
92891 213305 
13372 99434 
205960 296281 
8491 220231 
193193 58911 
169753 265192 
135222 133254 
9838 226583 
175395 214321 
234949 254573 
127771 126530 
46505 282269 
202079 167505 
208736 26658 
1850 59011 
24671 183381 
241326 205299 
113276 91001 
279389 126470 
243367 133501 
196564 38923 
206104 42464 
97760 41108 
163458 66036 
239435 110073 
266709 228321 
172857 205944 
97859 229170 
284853 283278 
113106 17300 
254855 131133 
193246 203999 
167953 238029 
28657 217992 
174955 110 
216290 266710 
126385 223827 
80114 196851 
45267 20659 
215472 21121 
46542 78440 
254105 72429 
113873 177275 
198528 267883 
78903 147132 
2415 63615 
269386 79940 
60512 187227 
280568 217306 
227890 90983 
258432 265535 
78061 99539 
112698 242521 
211687 31008 
193594 102155 
275952 134109 
188421 25566 
164212 62881 
59022 483 
54378 225104 
232864 183122 
172644 148197 
76160 106613 
271652 271586 
67293 99015 
293140 87089 
191039 131410 
290668 274686 
85581 198812 
230117 39482 
197113 73329 
106459 157178 
94713 246316 
4724 235741 
96095 283742 
273994 50929 
148908 20021 
170994 88281 
86211 114547 
231370 219093 
188071 282922 
58622 251925 
23715 89562 
75438 23864 
176762 148041 
173869 31801 
291741 11554 
69632 269458 
131403 54906 
129967 190360 
89550 108503 
47196 94074 
187153 236639 
194133 227602 
194543 145650 
227618 5371 
46524 47007 
57629 159446 
143262 134211 
101877 124733 
207993 75254 
75044 173687 
205549 256412 
54188 16590 
37584 154568 
171285 36129 
73009 71827 
127321 3706 
131656 142633 
224828 231699 
26612 72106 
66134 15563 
275232 200898 
247570 213375 
276485 82075 
2588 185682 
1488 221477 
20868 73285 
121572 52211 
97074 79899 
195694 155745 
181052 237420 
146411 90399 
215281 162244 
44746 83757 
201735 172609 
97120 159293 
212792 105854 
14964 59989 
58824 172065 
147280 191620 
90486 153119 
211899 41020 
43062 140670 
280183 165141 
78359 229252 
42514 154271 
100807 140902 
195859 113833 
255176 230530 
69835 293451 
236738 128436 
238093 175236 
220460 88134 
288901 66722 
59829 106272 
195359 166870 
79075 284973 
114410 162674 
74317 108563 
20516 151339 
141938 67497 
253993 267341 
257884 197777 
241238 192407 
65221 224661 
218090 182542 
231826 48541 
81171 161814 
7647 153760 
190011 186358 
120247 159729 
148013 273673 
52568 50865 
110567 264013 
175698 171601 
152154 261008 
81324 22502 
42435 151272 
186731 190330 
204532 253053 
192550 119805 
49956 113587 
229192 123918 
199662 208733 
298354 239318 
293525 271063 
71382 130584 
2142 161724 
107790 79893 
2953 218637 
144891 163853 
105364 84884 
59246 172923 
167456 49588 
274375 172267 
96288 155601 
81589 93267 
202899 36631 
103180 90394 
144910 173013 
160366 238110 
236323 38785 
292618 42283 
2652 177559 
197685 85914 
13712 299606 
211050 268347 
285650 59434 
221907 154160 
136361 81034 
141389 266572 
163093 87223 
199271 189751 
199505 46049 
155391 129996 
229105 247362 
240109 237087 
92061 252482 
51390 89740 
154404 165496 
298236 57744 
41 179557 
76323 13241 
165680 162136 
245443 48490 
44692 210910 
54692 181483 
156962 54363 
296387 183436 
275303 78334 
246338 266553 
169572 237048 
146790 3037 
24498 143096 
22901 230852 
292181 208128 
159569 174580 
153914 26021 
198841 65384 
221290 56102 
298957 84630 
122386 15565 
233108 148790 
275892 124865 
143074 10794 
181770 150159 
283628 12864 
202796 92644 
225785 99153 
85808 153926 
278051 256370 
10045 95136 
111087 137130 
23309 222365 
7941 222306 
96638 50491 
93133 239190 
161911 179807 
38127 55322 
40718 36943 
213521 93848 
236136 198549 
247763 193386 
273609 228502 
135338 144528 
118801 244489 
207281 23451 
32645 146513 
65355 132500 
198497 250357 
211428 287855 
241242 271433 
262477 24114 
106439 118006 
122230 178137 
115373 236802 
38922 52404 
115277 167983 
27744 281392 
225457 208750 
193139 68106 
71172 122331 
56454 180648 
170605 260476 
231416 176406 
191588 53298 
216083 27961 
294994 189803 
2783 83369 
230675 147432 
257354 199615 
195231 123168 
273107 9017 
160645 123457 
157205 63049 
14227 231378 
298134 192464 
218691 114138 
251426 184316 
55545 279416 
75245 85305 
66324 103393 
7326 171015 
85951 297964 
76209 42129 
128806 172990 
104952 82493 
77031 298323 
42722 136724 
84637 253690 
224240 225989 
227073 80257 
123290 84928 
88617 111079 
119201 32245 
63983 197764 
39634 165636 
219664 215398 
232341 253162 
54627 61937 
271409 176754 
234090 39702 
102349 27234 
91420 32539 
277009 66937 
113358 52283 
73085 199810 
199350 139720 
1929 8424 
181386 279385 
244490 128720 
110606 40247 
180031 174420 
58565 177323 
220228 115129 
104927 290801 
10124 40597 
85924 32619 
25478 87367 
156384 187567 
6999 272953 
210514 26778 
277409 295086 
199032 203402 
287924 30947 
127077 185920 
255726 254299 
29501 3443 
126662 187148 
222865 92076 
270646 124327 
133776 60599 
213289 149026 
124235 269108 
100899 126990 
256049 288314 
224305 238375 
128102 250112 
200914 137693 
112981 248994 
252867 63012 
194913 168772 
155277 129758 
95332 48914 
72634 268830 
126597 78465 
4906 69197 
155336 224849 
211206 114178 
141477 137850 
298468 93407 
108860 153823 
224987 112276 
